1633080030
1575331450
2576272470
6025196078
6749800715
1809784356
1103067567
2317154466
2387172619
1311479942
2177631153
2370287260
1162412523
2518779639
2243750316
1938180132
1591366150
6188050497
2740704135
1600959530
2659057887
2345262636
3739990209
2002762930
1917284190
2693778613
2709103722
5489642575
1876898180
1238515989
4165697613
8088099212
2724793887
2049639056
1104856673
9166531473
9282269858
1448264591
1386139747
1065576292
4204557152
2512295415
1050894477
2524912544
6692710623
2616827417
7458305235
1044794447
5098747466
2797008072
7724293396
1111770796
1461006658
8989839708
6913737732
2187806510
2698293925
5016785151
2603392454
2409248575
2154409098
2334854535
7242170605
6087847902
1868083093
1558536908
2686827506
2053548015
8415640657
9152960105
1633827298
1584236906
5785050546
7180274223
1765903205
1337873601
1780907326
1822360329
6926443396
7399201643
1928861800
1134654553
1320384102
2233968778
1455518823
2517263032
1169422273
1716334763
1161051209
2015915750
1172222839
1986125462
2691761365
5616099885
1339589794
1698316598
1646543965
1149678559
1694897607
2748354798
6778102246
6210771279
1843697405
1157328700
2311701369
2354728221
1676462923
1406252700
8164346992
1597080590
2087121727
2581425250
2360763824
2719496354
1996551439
2307124705
1590380101
2033501264
2074669740
4330833648
6876615313
2197033238
1706630780
1492489223
2756620317
1879142971
5121975454
8565292030
2725313491
2916240089
2784487922
9672375423
2156919306
4857227306
2140172516
6028740948
1783900706
3855460378
2743825061
8344693520
7227242087
1276410280
8338154889
1404111534
1466184954
2368850546
2688854049
2481429282
2632295224
4492399381
2231034178
1575661525
1557617235
2673273294
1186634339
2078658558
2557116528
2147464885
1493314057
1016852420
1231533029
1363504328
5751842538
3130274956
1762953006
1919187578
1613396255
2140266457
1252506424
1718690455
3714816841
3729165890
1709638350
2553647887
2422430080
7186739897
5175743127
1939180977
2387691619
7026319394
2126033877
5044248245
1304451862
7791137498
6527058140
2529986191
7005348341
2561005708
8121959066
5634593318
9063187949
6972178424
1903659460
8855566396
1085528406
8036753003
2057399339
1136500130
7911266804
1021556078
